
[[-30.0], [-6.0], [-10.0], [8.0], [16.0], [20.0], [30.0], [-40.0], [-40.0], [-49.0], [-49.0], [-47.0], [-43.0], [-7.0], [-7.0], [-3.0], [-3.0], [1.0], [5.0], [5.0], [-1.0], [9.0], [25.0], [27.0], [29.0], [9.0], [42.0], [46.0], [39.0], [43.0], [47.0], [48.0], [28.0], [-29.0], [-29.0], [28.0], [17.0], [-1.0], [-14.0]]
[[-30.0], [-6.0], [-10.0], [8.0], [16.0], [20.0], [30.0], [-40.0], [-40.0], [-49.0], [-49.0], [-47.0], [-43.0], [-7.0], [-7.0], [-3.0], [-3.0], [1.0], [5.0], [5.0], [-1.0], [9.0], [25.0], [27.0], [29.0], [9.0], [42.0], [46.0], [39.0], [43.0], [47.0], [48.0], [28.0], [-29.0], [-29.0], [28.0], [17.0], [-1.0], [-14.0]]
[[-24.0, 21.0, -30.0], [-22.0, 24.0, -6.0], [-26.0, 24.0, -10.0], [-16.0, 23.0, 8.0], [-21.0, 23.0, 16.0], [-26.0, 23.0, 20.0], [-11.0, 21.0, 30.0], [-6.0, 18.0, -40.0], [-6.0, 19.0, -40.0], [1.0, 19.0, -49.0], [4.0, 19.0, -49.0], [10.0, 19.0, -47.0], [10.0, 19.0, -43.0], [19.0, 19.0, -7.0], [16.0, 19.0, -7.0], [15.0, 20.0, -3.0], [20.0, 20.0, -3.0], [23.0, 20.0, 1.0], [20.0, 20.0, 5.0], [14.0, 20.0, 5.0], [-1.0, 19.0, -1.0], [6.0, 19.0, 9.0], [18.0, 23.0, 25.0], [23.0, 19.0, 27.0], [21.0, 23.0, 29.0], [20.0, 19.0, 9.0], [19.0, 19.0, 42.0], [19.0, 19.0, 46.0], [35.0, 19.0, 39.0], [35.0, 19.0, 43.0], [35.0, 19.0, 47.0], [28.0, 19.0, 48.0], [52.0, 19.0, 28.0], [52.0, 19.0, -29.0], [54.0, 20.0, -29.0], [54.0, 20.0, 28.0], [68.0, 21.0, 17.0], [68.0, 21.0, -1.0], [68.0, 21.0, -14.0]]
[[-24.0, 21.0, -30.0], [-22.0, 24.0, -6.0], [-26.0, 24.0, -10.0], [-16.0, 23.0, 8.0], [-21.0, 23.0, 16.0], [-26.0, 23.0, 20.0], [-11.0, 21.0, 30.0], [-6.0, 18.0, -40.0], [-6.0, 19.0, -40.0], [1.0, 19.0, -49.0], [4.0, 19.0, -49.0], [10.0, 19.0, -47.0], [10.0, 19.0, -43.0], [19.0, 19.0, -7.0], [16.0, 19.0, -7.0], [15.0, 20.0, -3.0], [20.0, 20.0, -3.0], [23.0, 20.0, 1.0], [20.0, 20.0, 5.0], [14.0, 20.0, 5.0], [-1.0, 19.0, -1.0], [6.0, 19.0, 9.0], [18.0, 23.0, 25.0], [23.0, 19.0, 27.0], [21.0, 23.0, 29.0], [20.0, 19.0, 9.0], [19.0, 19.0, 42.0], [19.0, 19.0, 46.0], [35.0, 19.0, 39.0], [35.0, 19.0, 43.0], [35.0, 19.0, 47.0], [28.0, 19.0, 48.0], [52.0, 19.0, 28.0], [52.0, 19.0, -29.0], [54.0, 20.0, -29.0], [54.0, 20.0, 28.0], [68.0, 21.0, 17.0], [68.0, 21.0, -1.0], [68.0, 21.0, -14.0]]
[[11.0, 21.0, 123.0], [11.0, 21.0, 115.0], [-12.0, 21.0, 114.0], [24.0, 15.0, 125.0], [24.0, 15.0, 121.0], [24.0, 15.0, 127.0], [14.0, 15.0, 141.0], [-1.0, 15.0, 141.0], [2.0, 15.0, 143.0], [-29.0, 15.0, 147.0], [-29.0, 15.0, 158.0], [2.0, 15.0, 158.0], [-7.0, 18.0, 156.0], [-15.0, 15.0, 149.0], [-23.0, 15.0, 132.0], [-16.0, 15.0, 123.0], [-10.0, 11.0, 93.0], [-30.0, 10.0, 94.0], [-4.0, 15.0, 118.0], [34.0, 11.0, 98.0], [44.0, 11.0, 95.0], [55.0, 15.0, 93.0], [33.0, 15.0, 141.0], [33.0, 15.0, 133.0], [39.0, 15.0, 141.0], [41.0, 15.0, 133.0], [49.0, 15.0, 141.0], [55.0, 15.0, 141.0], [55.0, 15.0, 133.0], [66.0, 14.0, 131.0], [78.0, 15.0, 133.0], [80.0, 17.0, 125.0], [78.0, 15.0, 133.0], [70.0, 15.0, 135.0], [74.0, 18.0, 141.0], [57.0, 15.0, 98.0], [57.0, 15.0, 93.0], [70.0, 15.0, 91.0], [83.0, 15.0, 91.0]]
[[6.0, 38.0, 189.0], [33.0, 38.0, 189.0], [31.0, 30.0, 191.0], [8.0, 30.0, 191.0], [8.0, 26.0, 181.0], [31.0, 26.0, 191.0], [31.0, 22.0, 191.0], [8.0, 22.0, 191.0], [61.0, 25.0, 208.0], [54.0, 25.0, 200.0], [57.0, 19.0, 212.0], [60.0, 19.0, 226.0], [50.0, 19.0, 218.0], [43.0, 19.0, 227.0], [42.0, 23.0, 245.0], [23.0, 19.0, 254.0], [31.0, 23.0, 245.0], [0.0, 18.0, 256.0], [11.0, 23.0, 247.0], [-8.0, 25.0, 258.0], [-9.0, 19.0, 250.0], [-30.0, 18.0, 250.0], [-19.0, 18.0, 230.0], [-2.0, 19.0, 234.0], [-10.0, 23.0, 238.0], [-10.0, 18.0, 226.0], [-11.0, 18.0, 201.0], [-2.0, 18.0, 210.0], [-30.0, 19.0, 201.0], [1.0, 18.0, 197.0], [13.0, 18.0, 229.0], [37.0, 18.0, 229.0], [37.0, 18.0, 197.0], [13.0, 18.0, 239.0]]
[[-80.0, 15.0, 19.0], [-85.0, 16.0, 8.0], [-81.0, 16.0, -3.0], [-81.0, 15.0, 25.0], [-88.0, 15.0, 39.0], [-109.0, 15.0, 39.0], [-112.0, 15.0, 29.0], [-104.0, 15.0, 19.0], [-106.0, 15.0, 5.0], [-102.0, 16.0, -4.0], [-102.0, 15.0, -3.0], [-102.0, 16.0, -2.0], [-124.0, 16.0, 10.0], [-118.0, 16.0, 16.0], [-119.0, 16.0, 32.0], [-119.0, 16.0, 42.0], [-128.0, 16.0, 32.0], [-127.0, 15.0, 32.0], [-126.0, 16.0, 32.0], [-128.0, 25.0, 2.0], [-113.0, 27.0, 0.0], [-98.0, 23.0, 4.0], [-110.0, 23.0, 9.0], [-81.0, 23.0, -4.0], [-81.0, 23.0, 13.0], [-96.0, 23.0, 13.0], [-128.0, 23.0, 4.0], [-128.0, 23.0, 22.0], [-110.0, 23.0, 18.0], [-112.0, 28.0, 34.0], [-104.0, 23.0, 36.0], [-95.0, 23.0, 32.0], [-84.0, 23.0, 43.0], [-114.0, 24.0, 32.0], [-100.0, 23.0, 18.0], [-83.0, 23.0, 24.0], [-89.0, 23.0, 24.0], [-92.0, 23.0, 24.0], [-2.0, 23.0, 17.0], [-86.0, 23.0, 20.0], [-84.0, 23.0, 24.0]]
[[-11.0, 21.0, -19.0], [-27.0, 21.0, 23.0], [17.0, 19.0, -12.0], [8.0, 19.0, 31.0], [56.0, 20.0, -2.0]]
[[2.0, 21.0, 120.0], [72.0, 15.0, 139.0], [-28.0, 15.0, 155.0], [-23.0, 15.0, 89.0], [76.0, 15.0, 86.0]]
[[-24.0, 19.0, 204.0], [-24.0, 18.0, 248.0], [41.0, 23.0, 246.0], [58.0, 25.0, 210.0], [21.0, 38.0, 190.0]]
[[-83.0, 15.0, 19.0], [-106.0, 15.0, -3.0], [-126.0, 23.0, -2.0], [-88.0, 23.0, 22.0], [-127.0, 15.0, 33.0]]
[[-24.0, 21.0, -30.0], [-22.0, 24.0, -6.0], [-26.0, 24.0, -10.0], [-16.0, 23.0, 8.0], [-21.0, 23.0, 16.0], [-26.0, 23.0, 20.0], [-11.0, 21.0, 30.0], [-6.0, 18.0, -40.0], [-6.0, 19.0, -40.0], [1.0, 19.0, -49.0], [4.0, 19.0, -49.0], [10.0, 19.0, -47.0], [10.0, 19.0, -43.0], [19.0, 19.0, -7.0], [16.0, 19.0, -7.0], [15.0, 20.0, -3.0], [20.0, 20.0, -3.0], [23.0, 20.0, 1.0], [20.0, 20.0, 5.0], [14.0, 20.0, 5.0], [-1.0, 19.0, -1.0], [6.0, 19.0, 9.0], [18.0, 23.0, 25.0], [23.0, 19.0, 27.0], [21.0, 23.0, 29.0], [20.0, 19.0, 9.0], [19.0, 19.0, 42.0], [19.0, 19.0, 46.0], [35.0, 19.0, 39.0], [35.0, 19.0, 43.0], [35.0, 19.0, 47.0], [28.0, 19.0, 48.0], [52.0, 19.0, 28.0], [52.0, 19.0, -29.0], [54.0, 20.0, -29.0], [54.0, 20.0, 28.0], [68.0, 21.0, 17.0], [68.0, 21.0, -1.0], [68.0, 21.0, -14.0]]